0 0.014423076923076924 0.9375 0.028846153846153848 0.055288461538461536
0 0.5853365384615384 0.9519230769230769 0.036057692307692304 0.054086538461538464
3 0.9915865384615384 0.18509615384615385 0.015625 0.042067307692307696
3 0.5024038461538461 0.2668269230769231 0.018028846153846152 0.028846153846153848
3 0.5480769230769231 0.27524038461538464 0.027644230769230768 0.037259615384615384
3 0.4795673076923077 0.35096153846153844 0.04326923076923077 0.038461538461538464
0 0.32211538461538464 0.4266826923076923 0.037259615384615384 0.042067307692307696
0 0.9891826923076923 0.5625 0.020432692307692308 0.04567307692307692
3 0.2127403846153846 0.8269230769230769 0.03365384615384615 0.03485576923076923
0 0.84375 0.859375 0.04326923076923077 0.05048076923076923
0 0.921875 0.8605769230769231 0.036057692307692304 0.042067307692307696
0 0.9375 0.9230769230769231 0.036057692307692304 0.04447115384615385