3 0.20192307692307693 0.9362980769230769 0.03125 0.019230769230769232
3 0.25240384615384615 0.9483173076923077 0.018028846153846152 0.025240384615384616
0 0.06850961538461539 0.1201923076923077 0.03485576923076923 0.06009615384615385
0 0.5889423076923077 0.19471153846153846 0.055288461538461536 0.03485576923076923
0 0.028846153846153848 0.030048076923076924 0.028846153846153848 0.06009615384615385
0 0.09975961538461539 0.41346153846153844 0.028846153846153848 0.04927884615384615
3 0.9411057692307693 0.5588942307692307 0.030048076923076924 0.04447115384615385
0 0.734375 0.65625 0.027644230769230768 0.030048076923076924
0 0.6586538461538461 0.6586538461538461 0.027644230769230768 0.03365384615384615
0 0.8605769230769231 0.6646634615384616 0.040865384615384616 0.04927884615384615
0 0.7956730769230769 0.6682692307692307 0.03485576923076923 0.037259615384615384
0 0.7283653846153846 0.7199519230769231 0.028846153846153848 0.037259615384615384
0 0.040865384615384616 0.7307692307692307 0.03485576923076923 0.040865384615384616
0 0.3954326923076923 0.7451923076923077 0.040865384615384616 0.040865384615384616
0 0.6334134615384616 0.8064903846153846 0.046875 0.037259615384615384
3 0.4699519230769231 0.8870192307692307 0.025240384615384616 0.027644230769230768
3 0.2091346153846154 0.9050480769230769 0.021634615384615384 0.040865384615384616
3 0.25600961538461536 0.9122596153846154 0.025240384615384616 0.03245192307692308