3 0.9146634615384616 0.9867788461538461 0.028846153846153848 0.02403846153846154
3 0.9879807692307693 0.1778846153846154 0.02283653846153846 0.03245192307692308
3 0.22596153846153846 0.20552884615384615 0.027644230769230768 0.039663461538461536
3 0.27403846153846156 0.20673076923076922 0.02403846153846154 0.03485576923076923
3 0.5300480769230769 0.2620192307692308 0.006009615384615385 0.007211538461538462
3 0.49759615384615385 0.27163461538461536 0.019230769230769232 0.028846153846153848
3 0.5444711538461539 0.27884615384615385 0.03485576923076923 0.038461538461538464
3 0.5348557692307693 0.30649038461538464 0.02403846153846154 0.025240384615384616
3 0.4795673076923077 0.33653846153846156 0.02283653846153846 0.03365384615384615
0 0.23557692307692307 0.38100961538461536 0.04326923076923077 0.04927884615384615
0 0.49158653846153844 0.6634615384615384 0.030048076923076924 0.046875
0 0.9711538461538461 0.7608173076923077 0.042067307692307696 0.046875
3 0.9459134615384616 0.8185096153846154 0.02283653846153846 0.039663461538461536
3 0.20673076923076922 0.8293269230769231 0.03245192307692308 0.03485576923076923