3 0.30528846153846156 0.9278846153846154 0.030048076923076924 0.027644230769230768
3 0.3245192307692308 0.9447115384615384 0.020432692307692308 0.02283653846153846
3 0.28725961538461536 0.19831730769230768 0.03125 0.026442307692307692
3 0.7475961538461539 0.2848557692307692 0.027644230769230768 0.03365384615384615
3 0.38822115384615385 0.28725961538461536 0.019230769230769232 0.025240384615384616
3 0.984375 0.3894230769230769 0.015625 0.037259615384615384
0 0.8016826923076923 0.6033653846153846 0.021634615384615384 0.04567307692307692
0 0.06610576923076923 0.6574519230769231 0.028846153846153848 0.038461538461538464
0 0.2548076923076923 0.7271634615384616 0.025240384615384616 0.019230769230769232
0 0.7403846153846154 0.8016826923076923 0.020432692307692308 0.030048076923076924
3 0.7716346153846154 0.08533653846153846 0.040865384615384616 0.040865384615384616
3 0.5108173076923077 0.8966346153846154 0.02283653846153846 0.02283653846153846
3 0.421875 0.9146634615384616 0.02283653846153846 0.026442307692307692