3 0.26322115384615385 0.9387019230769231 0.03125 0.021634615384615384
0 0.36658653846153844 0.15985576923076922 0.028846153846153848 0.040865384615384616
0 0.6286057692307693 0.22235576923076922 0.026442307692307692 0.04927884615384615
0 0.8509615384615384 0.039663461538461536 0.021634615384615384 0.03365384615384615
0 0.38461538461538464 0.47836538461538464 0.025240384615384616 0.037259615384615384
0 0.7668269230769231 0.5348557692307693 0.028846153846153848 0.05048076923076923
0 0.9447115384615384 0.5961538461538461 0.038461538461538464 0.037259615384615384
3 0.6598557692307693 0.609375 0.025240384615384616 0.037259615384615384
3 0.34134615384615385 0.8028846153846154 0.021634615384615384 0.025240384615384616
3 0.4254807692307692 0.8894230769230769 0.027644230769230768 0.027644230769230768
0 0.1658653846153846 0.8966346153846154 0.03485576923076923 0.042067307692307696
3 0.4519230769230769 0.9098557692307693 0.03245192307692308 0.03245192307692308
3 0.24759615384615385 0.9122596153846154 0.019230769230769232 0.025240384615384616
3 0.2704326923076923 0.9182692307692307 0.02283653846153846 0.03245192307692308