3 0.3329326923076923 0.9194711538461539 0.027644230769230768 0.040865384615384616
0 0.6382211538461539 0.9230769230769231 0.036057692307692304 0.040865384615384616
0 0.046875 0.19110576923076922 0.040865384615384616 0.05889423076923077
0 0.10096153846153846 0.2704326923076923 0.037259615384615384 0.052884615384615384
0 0.040865384615384616 0.27884615384615385 0.03485576923076923 0.04927884615384615
0 0.8641826923076923 0.03365384615384615 0.028846153846153848 0.03365384615384615
0 0.31009615384615385 0.5192307692307693 0.042067307692307696 0.04447115384615385
3 0.140625 0.5408653846153846 0.018028846153846152 0.03365384615384615
3 0.13341346153846154 0.578125 0.03125 0.028846153846153848
3 0.16346153846153846 0.6586538461538461 0.026442307692307692 0.03125
0 0.7800480769230769 0.671875 0.051682692307692304 0.03245192307692308
0 0.47475961538461536 0.7692307692307693 0.04447115384615385 0.039663461538461536
3 0.38461538461538464 0.9038461538461539 0.02283653846153846 0.027644230769230768