3 0.7379807692307693 0.16346153846153846 0.036057692307692304 0.04447115384615385
3 0.5612980769230769 0.20432692307692307 0.06009615384615385 0.05048076923076923
3 0.12980769230769232 0.2091346153846154 0.03365384615384615 0.051682692307692304
3 0.8810096153846154 0.6850961538461539 0.06490384615384616 0.054086538461538464
0 0.9759615384615384 0.7223557692307693 0.030048076923076924 0.06490384615384616
3 0.5576923076923077 0.734375 0.057692307692307696 0.046875
0 0.9122596153846154 0.7475961538461539 0.04447115384615385 0.054086538461538464
0 0.23317307692307693 0.7776442307692307 0.04567307692307692 0.039663461538461536
0 0.2620192307692308 0.8016826923076923 0.04567307692307692 0.04326923076923077
0 0.9387019230769231 0.8112980769230769 0.04807692307692308 0.04447115384615385
0 0.6081730769230769 0.8545673076923077 0.0889423076923077 0.026442307692307692