0 0.5300480769230769 0.9567307692307693 0.030048076923076924 0.039663461538461536
0 0.921875 0.9603365384615384 0.036057692307692304 0.037259615384615384
3 0.9867788461538461 0.17067307692307693 0.02403846153846154 0.04567307692307692
3 0.5360576923076923 0.27283653846153844 0.014423076923076924 0.028846153846153848
3 0.5336538461538461 0.30528846153846156 0.018028846153846152 0.027644230769230768
3 0.453125 0.3137019230769231 0.026442307692307692 0.03485576923076923
3 0.5516826923076923 0.42788461538461536 0.02283653846153846 0.019230769230769232
0 0.2776442307692308 0.43990384615384615 0.026442307692307692 0.037259615384615384
0 0.3245192307692308 0.703125 0.030048076923076924 0.042067307692307696
0 0.9387019230769231 0.8786057692307693 0.04326923076923077 0.039663461538461536
0 0.25721153846153844 0.9110576923076923 0.04447115384615385 0.046875
0 0.8641826923076923 0.9134615384615384 0.04326923076923077 0.03485576923076923