3 0.7379807692307693 0.16826923076923078 0.03125 0.04927884615384615
3 0.14543269230769232 0.17908653846153846 0.037259615384615384 0.046875
3 0.6298076923076923 0.04807692307692308 0.04326923076923077 0.054086538461538464
0 0.9266826923076923 0.7548076923076923 0.054086538461538464 0.0625
1 0.24639423076923078 0.7836538461538461 0.08413461538461539 0.055288461538461536
0 0.5769230769230769 0.8473557692307693 0.04807692307692308 0.04447115384615385
0 0.6622596153846154 0.8497596153846154 0.051682692307692304 0.05048076923076923
3 0.06850961538461539 0.8617788461538461 0.06009615384615385 0.04927884615384615
3 0.6045673076923077 0.8894230769230769 0.042067307692307696 0.046875
3 0.2776442307692308 0.9074519230769231 0.03245192307692308 0.039663461538461536
0 0.09735576923076923 0.9182692307692307 0.04447115384615385 0.02403846153846154