0 0.02403846153846154 0.9627403846153846 0.03245192307692308 0.028846153846153848
0 0.8329326923076923 0.1814903846153846 0.03485576923076923 0.037259615384615384
0 0.5192307692307693 0.18389423076923078 0.03125 0.05048076923076923
3 0.3293269230769231 0.19951923076923078 0.027644230769230768 0.046875
0 0.6502403846153846 0.23076923076923078 0.028846153846153848 0.04927884615384615
0 0.7980769230769231 0.3245192307692308 0.027644230769230768 0.056490384615384616
0 0.6634615384615384 0.37740384615384615 0.038461538461538464 0.04567307692307692
0 0.31490384615384615 0.46634615384615385 0.037259615384615384 0.04447115384615385
3 0.9026442307692307 0.6875 0.03125 0.028846153846153848
0 0.296875 0.7668269230769231 0.04326923076923077 0.03125
0 0.7043269230769231 0.8004807692307693 0.03125 0.03485576923076923
0 0.28365384615384615 0.8064903846153846 0.03245192307692308 0.03245192307692308
0 0.2536057692307692 0.8305288461538461 0.040865384615384616 0.037259615384615384
0 0.5252403846153846 0.8545673076923077 0.04447115384615385 0.030048076923076924
3 0.3473557692307692 0.890625 0.04326923076923077 0.03485576923076923
0 0.06850961538461539 0.8942307692307693 0.030048076923076924 0.037259615384615384
3 0.4387019230769231 0.9038461538461539 0.028846153846153848 0.040865384615384616
3 0.2800480769230769 0.9086538461538461 0.038461538461538464 0.028846153846153848