0 0.4891826923076923 0.9759615384615384 0.039663461538461536 0.04326923076923077
3 0.9783653846153846 0.17908653846153846 0.027644230769230768 0.04927884615384615
3 0.49158653846153844 0.26802884615384615 0.027644230769230768 0.03245192307692308
3 0.5360576923076923 0.27283653846153844 0.014423076923076924 0.02283653846153846
3 0.5456730769230769 0.28725961538461536 0.028846153846153848 0.025240384615384616
3 0.5420673076923077 0.30649038461538464 0.02283653846153846 0.026442307692307692
3 0.47596153846153844 0.3425480769230769 0.028846153846153848 0.04447115384615385
0 0.7608173076923077 0.5949519230769231 0.030048076923076924 0.04807692307692308
3 0.125 0.7223557692307693 0.037259615384615384 0.039663461538461536
0 0.2620192307692308 0.7584134615384616 0.039663461538461536 0.046875
0 0.5600961538461539 0.7740384615384616 0.03485576923076923 0.046875
0 0.7451923076923077 0.8161057692307693 0.026442307692307692 0.057692307692307696
0 0.4699519230769231 0.9158653846153846 0.027644230769230768 0.037259615384615384