3 0.7283653846153846 0.09254807692307693 0.025240384615384616 0.03245192307692308
3 0.7439903846153846 0.1045673076923077 0.03125 0.037259615384615384
3 0.8112980769230769 0.016826923076923076 0.057692307692307696 0.03365384615384615
3 0.7439903846153846 0.17427884615384615 0.025240384615384616 0.042067307692307696
3 0.15745192307692307 0.18028846153846154 0.055288461538461536 0.042067307692307696
3 0.8317307692307693 0.04567307692307692 0.039663461538461536 0.056490384615384616
3 0.171875 0.7319711538461539 0.030048076923076924 0.030048076923076924
3 0.7091346153846154 0.07572115384615384 0.03125 0.027644230769230768
3 0.16826923076923078 0.7692307692307693 0.037259615384615384 0.03245192307692308
3 0.16346153846153846 0.7884615384615384 0.03125 0.028846153846153848
0 0.07091346153846154 0.9110576923076923 0.038461538461538464 0.038461538461538464