0 0.7307692307692307 0.9290865384615384 0.039663461538461536 0.028846153846153848
1 0.8317307692307693 0.9519230769230769 0.07211538461538461 0.039663461538461536
3 0.9903846153846154 0.18990384615384615 0.016826923076923076 0.040865384615384616
3 0.5144230769230769 0.2692307692307692 0.025240384615384616 0.02403846153846154
3 0.5444711538461539 0.27884615384615385 0.026442307692307692 0.03125
3 0.4963942307692308 0.3545673076923077 0.018028846153846152 0.03125
0 0.8894230769230769 0.36899038461538464 0.036057692307692304 0.042067307692307696
3 0.2920673076923077 0.40024038461538464 0.037259615384615384 0.03485576923076923
3 0.46274038461538464 0.41225961538461536 0.04326923076923077 0.042067307692307696
0 0.18990384615384615 0.042067307692307696 0.025240384615384616 0.037259615384615384
3 0.6778846153846154 0.41947115384615385 0.036057692307692304 0.03365384615384615
0 0.20552884615384615 0.04567307692307692 0.025240384615384616 0.04326923076923077
0 0.22355769230769232 0.056490384615384616 0.026442307692307692 0.04567307692307692
0 0.9495192307692307 0.8064903846153846 0.039663461538461536 0.028846153846153848