3 0.27524038461538464 0.921875 0.016826923076923076 0.027644230769230768
3 0.25721153846153844 0.9423076923076923 0.021634615384615384 0.028846153846153848
3 0.7259615384615384 0.9771634615384616 0.018028846153846152 0.025240384615384616
0 0.3786057692307692 0.2127403846153846 0.037259615384615384 0.04807692307692308
0 0.06370192307692307 0.5480769230769231 0.027644230769230768 0.04326923076923077
0 0.04807692307692308 0.5685096153846154 0.03125 0.04807692307692308
0 0.6550480769230769 0.5961538461538461 0.026442307692307692 0.028846153846153848
0 0.7884615384615384 0.6057692307692307 0.03485576923076923 0.03485576923076923
2 0.9399038461538461 0.6478365384615384 0.05889423076923077 0.051682692307692304
0 0.3918269230769231 0.7463942307692307 0.027644230769230768 0.037259615384615384
0 0.33052884615384615 0.8377403846153846 0.03365384615384615 0.027644230769230768
3 0.2512019230769231 0.9134615384615384 0.027644230769230768 0.03125
3 0.47716346153846156 0.9170673076923077 0.027644230769230768 0.03365384615384615