3 0.26322115384615385 0.9555288461538461 0.02283653846153846 0.03245192307692308
3 0.4098557692307692 0.9651442307692307 0.019230769230769232 0.036057692307692304
3 0.5588942307692307 0.17067307692307693 0.026442307692307692 0.046875
0 0.0985576923076923 0.23076923076923078 0.038461538461538464 0.037259615384615384
0 0.030048076923076924 0.4254807692307692 0.030048076923076924 0.056490384615384616
0 0.055288461538461536 0.44471153846153844 0.036057692307692304 0.038461538461538464
0 0.7980769230769231 0.6045673076923077 0.051682692307692304 0.046875
3 0.42427884615384615 0.7307692307692307 0.019230769230769232 0.037259615384615384
0 0.04326923076923077 0.7620192307692307 0.038461538461538464 0.040865384615384616
0 0.6706730769230769 0.7740384615384616 0.03245192307692308 0.046875
0 0.17427884615384615 0.8762019230769231 0.051682692307692304 0.037259615384615384
3 0.4699519230769231 0.8846153846153846 0.02403846153846154 0.042067307692307696
0 0.2548076923076923 0.9146634615384616 0.052884615384615384 0.03245192307692308