3 0.2512019230769231 0.9206730769230769 0.021634615384615384 0.02403846153846154
3 0.26322115384615385 0.9471153846153846 0.020432692307692308 0.02403846153846154
0 0.7139423076923077 0.9495192307692307 0.030048076923076924 0.03365384615384615
0 0.21033653846153846 0.2127403846153846 0.03365384615384615 0.04326923076923077
0 0.6658653846153846 0.6538461538461539 0.018028846153846152 0.03125
0 0.6826923076923077 0.6646634615384616 0.027644230769230768 0.03245192307692308
0 0.7451923076923077 0.7007211538461539 0.03125 0.052884615384615384
0 0.390625 0.7475961538461539 0.038461538461538464 0.040865384615384616
3 0.40865384615384615 0.8858173076923077 0.027644230769230768 0.028846153846153848
3 0.22956730769230768 0.90625 0.014423076923076924 0.019230769230769232
3 0.27163461538461536 0.9134615384615384 0.025240384615384616 0.030048076923076924
3 0.41586538461538464 0.9182692307692307 0.028846153846153848 0.02403846153846154