3 0.27163461538461536 0.9519230769230769 0.025240384615384616 0.038461538461538464
0 0.5865384615384616 0.2932692307692308 0.046875 0.030048076923076924
3 0.48677884615384615 0.359375 0.039663461538461536 0.03365384615384615
0 0.01201923076923077 0.037259615384615384 0.02403846153846154 0.04447115384615385
0 0.7007211538461539 0.6502403846153846 0.036057692307692304 0.03365384615384615
3 0.14903846153846154 0.6658653846153846 0.03245192307692308 0.03485576923076923
3 0.8317307692307693 0.7007211538461539 0.025240384615384616 0.040865384615384616
0 0.3918269230769231 0.7367788461538461 0.03485576923076923 0.04447115384615385
0 0.4423076923076923 0.7836538461538461 0.04807692307692308 0.028846153846153848
3 0.1971153846153846 0.8737980769230769 0.03365384615384615 0.03485576923076923
3 0.453125 0.8774038461538461 0.027644230769230768 0.030048076923076924
3 0.27524038461538464 0.9086538461538461 0.021634615384615384 0.03485576923076923
3 0.4423076923076923 0.9110576923076923 0.03125 0.030048076923076924