0 0.09615384615384616 0.9338942307692307 0.03485576923076923 0.036057692307692304
0 0.0985576923076923 0.22716346153846154 0.039663461538461536 0.06009615384615385
0 0.11778846153846154 0.3269230769230769 0.03485576923076923 0.056490384615384616
0 0.6021634615384616 0.39903846153846156 0.03245192307692308 0.037259615384615384
0 0.5108173076923077 0.4375 0.028846153846153848 0.04447115384615385
0 0.47596153846153844 0.5192307692307693 0.039663461538461536 0.04567307692307692
3 0.6742788461538461 0.5372596153846154 0.039663461538461536 0.04927884615384615
3 0.8762019230769231 0.6947115384615384 0.03485576923076923 0.039663461538461536
0 0.609375 0.8064903846153846 0.057692307692307696 0.03485576923076923
0 0.051682692307692304 0.8341346153846154 0.04447115384615385 0.037259615384615384
3 0.35697115384615385 0.8822115384615384 0.03245192307692308 0.037259615384615384
0 0.057692307692307696 0.8870192307692307 0.03245192307692308 0.03245192307692308
3 0.45913461538461536 0.8930288461538461 0.04447115384615385 0.056490384615384616