0 0.9182692307692307 0.9302884615384616 0.030048076923076924 0.042067307692307696
0 0.6358173076923077 0.9471153846153846 0.03485576923076923 0.038461538461538464
0 0.4651442307692308 0.9579326923076923 0.038461538461538464 0.03365384615384615
0 0.6694711538461539 0.9711538461538461 0.03125 0.040865384615384616
3 0.9735576923076923 0.19831730769230768 0.019230769230769232 0.028846153846153848
3 0.2247596153846154 0.2091346153846154 0.02403846153846154 0.05048076923076923
3 0.5360576923076923 0.265625 0.016826923076923076 0.027644230769230768
3 0.4987980769230769 0.27403846153846156 0.018028846153846152 0.030048076923076924
3 0.5348557692307693 0.3004807692307692 0.014423076923076924 0.021634615384615384
3 0.46033653846153844 0.34615384615384615 0.030048076923076924 0.04326923076923077
0 0.8233173076923077 0.46033653846153844 0.027644230769230768 0.036057692307692304
3 0.8774038461538461 0.5829326923076923 0.026442307692307692 0.04326923076923077
3 0.20192307692307693 0.6057692307692307 0.026442307692307692 0.037259615384615384
0 0.6045673076923077 0.6802884615384616 0.03245192307692308 0.037259615384615384
3 0.7139423076923077 0.7007211538461539 0.03125 0.038461538461538464
0 0.984375 0.8701923076923077 0.02403846153846154 0.03365384615384615
0 0.9098557692307693 0.8990384615384616 0.052884615384615384 0.04447115384615385