3 0.4206730769230769 0.9254807692307693 0.025240384615384616 0.027644230769230768
0 0.8509615384615384 0.03245192307692308 0.02283653846153846 0.03245192307692308
0 0.2764423076923077 0.38221153846153844 0.04807692307692308 0.05048076923076923
3 0.5733173076923077 0.4495192307692308 0.02403846153846154 0.037259615384615384
3 0.6105769230769231 0.4795673076923077 0.019230769230769232 0.030048076923076924
0 0.1466346153846154 0.5024038461538461 0.040865384615384616 0.028846153846153848
0 0.0625 0.5516826923076923 0.03245192307692308 0.04567307692307692
0 0.8918269230769231 0.6658653846153846 0.052884615384615384 0.04447115384615385
0 0.11057692307692307 0.6742788461538461 0.026442307692307692 0.037259615384615384
0 0.05889423076923077 0.7331730769230769 0.027644230769230768 0.03245192307692308
0 0.07572115384615384 0.7632211538461539 0.027644230769230768 0.03125
3 0.4519230769230769 0.9134615384615384 0.019230769230769232 0.03245192307692308