0 0.15745192307692307 0.9254807692307693 0.056490384615384616 0.04326923076923077
3 0.8653846153846154 0.2776442307692308 0.03245192307692308 0.04567307692307692
0 0.47596153846153844 0.4639423076923077 0.027644230769230768 0.02283653846153846
3 0.4699519230769231 0.5024038461538461 0.026442307692307692 0.02403846153846154
3 0.6057692307692307 0.5516826923076923 0.02283653846153846 0.042067307692307696
3 0.140625 0.5721153846153846 0.03365384615384615 0.03245192307692308
0 0.41346153846153844 0.5769230769230769 0.038461538461538464 0.046875
3 0.14423076923076922 0.6298076923076923 0.02283653846153846 0.037259615384615384
3 0.15625 0.6646634615384616 0.019230769230769232 0.039663461538461536
0 0.0889423076923077 0.7427884615384616 0.038461538461538464 0.04567307692307692
0 0.4338942307692308 0.7716346153846154 0.051682692307692304 0.04927884615384615
0 0.10336538461538461 0.7848557692307693 0.036057692307692304 0.04447115384615385
0 0.04927884615384615 0.8161057692307693 0.04447115384615385 0.05048076923076923
3 0.4423076923076923 0.8894230769230769 0.03365384615384615 0.037259615384615384
0 0.12379807692307693 0.8930288461538461 0.04326923076923077 0.04807692307692308
3 0.36658653846153844 0.8942307692307693 0.028846153846153848 0.037259615384615384