3 0.9831730769230769 0.20673076923076922 0.028846153846153848 0.038461538461538464
3 0.5036057692307693 0.265625 0.027644230769230768 0.030048076923076924
3 0.5420673076923077 0.2800480769230769 0.027644230769230768 0.038461538461538464
3 0.5072115384615384 0.33653846153846156 0.04447115384615385 0.038461538461538464
3 0.828125 0.3401442307692308 0.036057692307692304 0.054086538461538464
0 0.9819711538461539 0.35216346153846156 0.03485576923076923 0.04567307692307692
0 0.20072115384615385 0.06971153846153846 0.04807692307692308 0.07932692307692307
0 0.6706730769230769 0.7067307692307693 0.04447115384615385 0.04447115384615385
3 0.3269230769230769 0.7572115384615384 0.04326923076923077 0.04447115384615385
0 0.23197115384615385 0.7632211538461539 0.03365384615384615 0.05048076923076923
3 0.7175480769230769 0.8064903846153846 0.026442307692307692 0.038461538461538464
0 0.9891826923076923 0.8665865384615384 0.020432692307692308 0.04567307692307692