0 0.6225961538461539 0.9579326923076923 0.039663461538461536 0.03365384615384615
0 0.2800480769230769 0.9639423076923077 0.036057692307692304 0.06009615384615385
0 0.6346153846153846 0.9915865384615384 0.04326923076923077 0.014423076923076924
3 0.9807692307692307 0.21514423076923078 0.019230769230769232 0.04447115384615385
3 0.5288461538461539 0.27283653846153844 0.046875 0.051682692307692304
3 0.5661057692307693 0.2920673076923077 0.03485576923076923 0.05048076923076923
3 0.5192307692307693 0.3473557692307692 0.04447115384615385 0.06009615384615385
3 0.30528846153846156 0.5877403846153846 0.037259615384615384 0.042067307692307696
0 0.234375 0.7680288461538461 0.030048076923076924 0.05889423076923077
3 0.5180288461538461 0.8293269230769231 0.03125 0.037259615384615384
0 0.23197115384615385 0.9098557692307693 0.038461538461538464 0.0625