3 0.7512019230769231 0.17307692307692307 0.054086538461538464 0.046875
3 0.12980769230769232 0.21153846153846154 0.040865384615384616 0.046875
3 0.18990384615384615 0.2439903846153846 0.036057692307692304 0.055288461538461536
3 0.9627403846153846 0.49158653846153844 0.027644230769230768 0.042067307692307696
3 0.9903846153846154 0.5024038461538461 0.018028846153846152 0.0625
3 0.9771634615384616 0.5456730769230769 0.030048076923076924 0.052884615384615384
3 0.5504807692307693 0.6622596153846154 0.051682692307692304 0.04927884615384615
3 0.42788461538461536 0.7379807692307693 0.03365384615384615 0.030048076923076924
0 0.3701923076923077 0.7932692307692307 0.05048076923076923 0.042067307692307696
0 0.6262019230769231 0.8497596153846154 0.05048076923076923 0.037259615384615384
0 0.3701923076923077 0.875 0.054086538461538464 0.038461538461538464