3 0.8786057692307693 0.9423076923076923 0.03125 0.042067307692307696
3 0.9050480769230769 0.9915865384615384 0.020432692307692308 0.014423076923076924
3 0.9795673076923077 0.18629807692307693 0.03365384615384615 0.042067307692307696
3 0.5012019230769231 0.2692307692307692 0.02283653846153846 0.030048076923076924
3 0.9579326923076923 0.27163461538461536 0.03365384615384615 0.042067307692307696
3 0.5408653846153846 0.27403846153846156 0.018028846153846152 0.02403846153846154
3 0.5420673076923077 0.30649038461538464 0.027644230769230768 0.025240384615384616
3 0.49759615384615385 0.3557692307692308 0.04326923076923077 0.040865384615384616
3 0.24278846153846154 0.46634615384615385 0.037259615384615384 0.03245192307692308
3 0.6213942307692307 0.5949519230769231 0.036057692307692304 0.030048076923076924
3 0.19831730769230768 0.7391826923076923 0.040865384615384616 0.030048076923076924
3 0.6430288461538461 0.8605769230769231 0.038461538461538464 0.038461538461538464