0 0.15264423076923078 0.9783653846153846 0.039663461538461536 0.040865384615384616
3 0.8990384615384616 0.23918269230769232 0.020432692307692308 0.03245192307692308
3 0.9014423076923077 0.26322115384615385 0.02283653846153846 0.028846153846153848
0 0.055288461538461536 0.03365384615384615 0.040865384615384616 0.04447115384615385
3 0.390625 0.4375 0.036057692307692304 0.042067307692307696
3 0.6081730769230769 0.5444711538461539 0.04326923076923077 0.028846153846153848
0 0.7632211538461539 0.6141826923076923 0.036057692307692304 0.04567307692307692
0 0.28125 0.6322115384615384 0.04807692307692308 0.046875
0 0.796875 0.6322115384615384 0.030048076923076924 0.04567307692307692
0 0.6790865384615384 0.6971153846153846 0.040865384615384616 0.042067307692307696
0 0.5625 0.7463942307692307 0.03485576923076923 0.037259615384615384
0 0.1141826923076923 0.8617788461538461 0.014423076923076924 0.03245192307692308
3 0.38461538461538464 0.8713942307692307 0.016826923076923076 0.027644230769230768
3 0.35336538461538464 0.8990384615384616 0.02403846153846154 0.037259615384615384