3 0.42788461538461536 0.9206730769230769 0.027644230769230768 0.030048076923076924
0 0.07451923076923077 0.27884615384615385 0.03245192307692308 0.036057692307692304
3 0.3137019230769231 0.4807692307692308 0.027644230769230768 0.036057692307692304
0 0.5576923076923077 0.48677884615384615 0.03485576923076923 0.04567307692307692
3 0.30649038461538464 0.5120192307692307 0.02283653846153846 0.036057692307692304
3 0.040865384615384616 0.5480769230769231 0.025240384615384616 0.04567307692307692
0 0.9855769230769231 0.5661057692307693 0.027644230769230768 0.042067307692307696
3 0.5985576923076923 0.5805288461538461 0.030048076923076924 0.03485576923076923
3 0.18629807692307693 0.6045673076923077 0.03245192307692308 0.03125
0 0.8990384615384616 0.6069711538461539 0.036057692307692304 0.042067307692307696
3 0.1778846153846154 0.6334134615384616 0.026442307692307692 0.03485576923076923
0 0.5985576923076923 0.6658653846153846 0.030048076923076924 0.03365384615384615
3 0.4026442307692308 0.9086538461538461 0.02283653846153846 0.028846153846153848