0 0.7163461538461539 0.9459134615384616 0.02403846153846154 0.030048076923076924
0 0.4182692307692308 0.953125 0.042067307692307696 0.03365384615384615
3 0.9735576923076923 0.1875 0.021634615384615384 0.030048076923076924
0 0.22355769230769232 0.203125 0.018028846153846152 0.037259615384615384
0 0.21995192307692307 0.23798076923076922 0.027644230769230768 0.05048076923076923
3 0.5432692307692307 0.27163461538461536 0.02403846153846154 0.03245192307692308
3 0.5012019230769231 0.27403846153846156 0.02403846153846154 0.028846153846153848
3 0.16826923076923078 0.028846153846153848 0.03125 0.02403846153846154
3 0.5408653846153846 0.30408653846153844 0.02283653846153846 0.030048076923076924
3 0.47596153846153844 0.3389423076923077 0.03125 0.030048076923076924
3 0.15865384615384615 0.6057692307692307 0.039663461538461536 0.038461538461538464
3 0.4014423076923077 0.6129807692307693 0.027644230769230768 0.03245192307692308
3 0.21634615384615385 0.8269230769230769 0.02403846153846154 0.020432692307692308
3 0.20192307692307693 0.8942307692307693 0.02283653846153846 0.021634615384615384