3 0.4170673076923077 0.9242788461538461 0.028846153846153848 0.027644230769230768
3 0.7427884615384616 0.3713942307692308 0.02283653846153846 0.025240384615384616
0 0.5913461538461539 0.38221153846153844 0.040865384615384616 0.04447115384615385
3 0.7512019230769231 0.39663461538461536 0.026442307692307692 0.028846153846153848
0 0.16947115384615385 0.49038461538461536 0.038461538461538464 0.04927884615384615
0 0.07211538461538461 0.5396634615384616 0.037259615384615384 0.04567307692307692
3 0.6201923076923077 0.5552884615384616 0.039663461538461536 0.040865384615384616
0 0.7980769230769231 0.609375 0.056490384615384616 0.055288461538461536
0 0.8449519230769231 0.6742788461538461 0.038461538461538464 0.04927884615384615
0 0.6550480769230769 0.7055288461538461 0.05889423076923077 0.04567307692307692
0 0.13221153846153846 0.71875 0.04447115384615385 0.04927884615384615
3 0.7620192307692307 0.7872596153846154 0.019230769230769232 0.027644230769230768
0 0.014423076923076924 0.8137019230769231 0.028846153846153848 0.06370192307692307
0 0.11057692307692307 0.8509615384615384 0.04326923076923077 0.056490384615384616
3 0.38221153846153844 0.9002403846153846 0.015625 0.018028846153846152
3 0.39903846153846156 0.9122596153846154 0.025240384615384616 0.027644230769230768