3 0.4206730769230769 0.9338942307692307 0.020432692307692308 0.028846153846153848
3 0.2932692307692308 0.9399038461538461 0.02403846153846154 0.028846153846153848
3 0.30528846153846156 0.9591346153846154 0.03125 0.037259615384615384
3 0.39663461538461536 0.21514423076923078 0.02283653846153846 0.03365384615384615
3 0.38461538461538464 0.27403846153846156 0.021634615384615384 0.025240384615384616
3 0.5396634615384616 0.3870192307692308 0.03125 0.04326923076923077
0 0.5853365384615384 0.5036057692307693 0.03245192307692308 0.03245192307692308
0 0.8125 0.5949519230769231 0.039663461538461536 0.039663461538461536
0 0.9170673076923077 0.6177884615384616 0.03485576923076923 0.04447115384615385
3 0.8353365384615384 0.6538461538461539 0.014423076923076924 0.02403846153846154
3 0.8269230769230769 0.6694711538461539 0.018028846153846152 0.025240384615384616
3 0.8473557692307693 0.6814903846153846 0.015625 0.021634615384615384
3 0.8497596153846154 0.6995192307692307 0.018028846153846152 0.025240384615384616
3 0.5913461538461539 0.8401442307692307 0.026442307692307692 0.040865384615384616
3 0.390625 0.9014423076923077 0.025240384615384616 0.025240384615384616