3 0.20793269230769232 0.9194711538461539 0.03365384615384615 0.03365384615384615
3 0.2512019230769231 0.9302884615384616 0.028846153846153848 0.039663461538461536
3 0.2548076923076923 0.12860576923076922 0.03245192307692308 0.03125
3 0.5132211538461539 0.19831730769230768 0.03485576923076923 0.04447115384615385
3 0.9651442307692307 0.25600961538461536 0.019230769230769232 0.037259615384615384
3 0.9362980769230769 0.27283653846153844 0.021634615384615384 0.04447115384615385
0 0.0985576923076923 0.3173076923076923 0.036057692307692304 0.051682692307692304
3 0.9795673076923077 0.3605769230769231 0.019230769230769232 0.056490384615384616
0 0.8329326923076923 0.5084134615384616 0.027644230769230768 0.04927884615384615
3 0.25 0.5564903846153846 0.03485576923076923 0.04447115384615385
0 0.9266826923076923 0.5721153846153846 0.02283653846153846 0.037259615384615384
0 0.9110576923076923 0.6117788461538461 0.036057692307692304 0.03485576923076923
3 0.09375 0.6153846153846154 0.027644230769230768 0.039663461538461536
0 0.09014423076923077 0.734375 0.04447115384615385 0.039663461538461536
0 0.4014423076923077 0.7379807692307693 0.025240384615384616 0.037259615384615384
0 0.5012019230769231 0.7620192307692307 0.040865384615384616 0.039663461538461536
0 0.640625 0.7692307692307693 0.04326923076923077 0.03485576923076923
0 0.7067307692307693 0.8040865384615384 0.028846153846153848 0.042067307692307696
0 0.5528846153846154 0.8137019230769231 0.03245192307692308 0.042067307692307696
3 0.3954326923076923 0.8786057692307693 0.02283653846153846 0.02403846153846154
3 0.44350961538461536 0.8990384615384616 0.028846153846153848 0.028846153846153848
3 0.28725961538461536 0.9026442307692307 0.036057692307692304 0.036057692307692304