3 0.9819711538461539 0.1778846153846154 0.027644230769230768 0.046875
3 0.22115384615384615 0.20552884615384615 0.03245192307692308 0.038461538461538464
3 0.5012019230769231 0.27524038461538464 0.019230769230769232 0.028846153846153848
0 0.2692307692307692 0.28846153846153844 0.03125 0.03485576923076923
3 0.4855769230769231 0.3245192307692308 0.027644230769230768 0.042067307692307696
3 0.4675480769230769 0.375 0.019230769230769232 0.03125
0 0.8185096153846154 0.49759615384615385 0.02403846153846154 0.042067307692307696
0 0.45552884615384615 0.6141826923076923 0.04447115384615385 0.05048076923076923
3 0.23677884615384615 0.6887019230769231 0.038461538461538464 0.04567307692307692
3 0.026442307692307692 0.6959134615384616 0.038461538461538464 0.046875
0 0.90625 0.7932692307692307 0.038461538461538464 0.046875
3 0.9483173076923077 0.9206730769230769 0.042067307692307696 0.06370192307692307