3 0.7451923076923077 0.1658653846153846 0.03125 0.03485576923076923
3 0.13341346153846154 0.20793269230769232 0.021634615384615384 0.042067307692307696
3 0.15504807692307693 0.21153846153846154 0.025240384615384616 0.046875
3 0.7271634615384616 0.43149038461538464 0.037259615384615384 0.054086538461538464
3 0.6526442307692307 0.0733173076923077 0.039663461538461536 0.030048076923076924
3 0.5685096153846154 0.7403846153846154 0.027644230769230768 0.03485576923076923
1 0.2439903846153846 0.7980769230769231 0.08052884615384616 0.046875
4 0.23076923076923078 0.8545673076923077 0.04807692307692308 0.042067307692307696
4 0.2620192307692308 0.8689903846153846 0.04447115384615385 0.037259615384615384
3 0.6274038461538461 0.890625 0.057692307692307696 0.04447115384615385
3 0.23197115384615385 0.8990384615384616 0.03365384615384615 0.042067307692307696