3 0.27163461538461536 0.921875 0.021634615384615384 0.025240384615384616
3 0.2608173076923077 0.9447115384615384 0.02403846153846154 0.021634615384615384
3 0.6358173076923077 0.11538461538461539 0.02403846153846154 0.036057692307692304
0 0.44591346153846156 0.19471153846153846 0.021634615384615384 0.03365384615384615
0 0.53125 0.234375 0.030048076923076924 0.037259615384615384
0 0.44711538461538464 0.6213942307692307 0.028846153846153848 0.040865384615384616
3 0.9326923076923077 0.671875 0.021634615384615384 0.030048076923076924
3 0.9266826923076923 0.6911057692307693 0.02403846153846154 0.025240384615384616
3 0.44471153846153844 0.7271634615384616 0.018028846153846152 0.036057692307692304
2 0.5612980769230769 0.7536057692307693 0.06009615384615385 0.055288461538461536
3 0.07211538461538461 0.7944711538461539 0.02403846153846154 0.03125
0 0.10096153846153846 0.8040865384615384 0.02403846153846154 0.03365384615384615
0 0.030048076923076924 0.8473557692307693 0.03245192307692308 0.02283653846153846
2 0.3762019230769231 0.8485576923076923 0.06490384615384616 0.040865384615384616
0 0.054086538461538464 0.8665865384615384 0.03245192307692308 0.03365384615384615
3 0.4170673076923077 0.9074519230769231 0.02283653846153846 0.028846153846153848
3 0.24759615384615385 0.9182692307692307 0.019230769230769232 0.019230769230769232