3 0.7451923076923077 0.1658653846153846 0.037259615384615384 0.046875
3 0.13581730769230768 0.18990384615384615 0.05048076923076923 0.042067307692307696
3 0.9447115384615384 0.23557692307692307 0.04447115384615385 0.042067307692307696
3 0.9855769230769231 0.2824519230769231 0.027644230769230768 0.03125
3 0.6466346153846154 0.36177884615384615 0.05048076923076923 0.05048076923076923
3 0.6850961538461539 0.055288461538461536 0.039663461538461536 0.042067307692307696
3 0.6045673076923077 0.7644230769230769 0.057692307692307696 0.02283653846153846
0 0.45072115384615385 0.7752403846153846 0.04447115384615385 0.027644230769230768
3 0.703125 0.7860576923076923 0.05048076923076923 0.056490384615384616
0 0.44471153846153844 0.8052884615384616 0.046875 0.03485576923076923
0 0.4675480769230769 0.8557692307692307 0.0625 0.038461538461538464
0 0.32572115384615385 0.8665865384615384 0.057692307692307696 0.042067307692307696
3 0.6790865384615384 0.09014423076923077 0.03125 0.042067307692307696