0 0.26322115384615385 0.9591346153846154 0.03245192307692308 0.07091346153846154
0 0.8173076923076923 0.09735576923076923 0.039663461538461536 0.052884615384615384
3 0.08533653846153846 0.18629807692307693 0.030048076923076924 0.038461538461538464
0 0.2848557692307692 0.28365384615384615 0.03485576923076923 0.046875
3 0.028846153846153848 0.39302884615384615 0.04567307692307692 0.038461538461538464
2 0.2800480769230769 0.40865384615384615 0.051682692307692304 0.0673076923076923
3 0.8233173076923077 0.49759615384615385 0.026442307692307692 0.03245192307692308
3 0.8341346153846154 0.5264423076923077 0.02403846153846154 0.03485576923076923
3 0.8197115384615384 0.5408653846153846 0.019230769230769232 0.030048076923076924
3 0.8076923076923077 0.5456730769230769 0.015625 0.02283653846153846
3 0.36899038461538464 0.5769230769230769 0.026442307692307692 0.03125
0 0.2512019230769231 0.6213942307692307 0.026442307692307692 0.05889423076923077
0 0.9242788461538461 0.07932692307692307 0.027644230769230768 0.046875
3 0.7644230769230769 0.9050480769230769 0.037259615384615384 0.046875