0 0.7728365384615384 0.9290865384615384 0.03485576923076923 0.028846153846153848
0 0.8737980769230769 0.9411057692307693 0.03245192307692308 0.042067307692307696
0 0.8954326923076923 0.9519230769230769 0.03485576923076923 0.05048076923076923
0 0.19230769230769232 0.1622596153846154 0.046875 0.06129807692307692
3 0.9795673076923077 0.21995192307692307 0.038461538461538464 0.054086538461538464
3 0.5324519230769231 0.28725961538461536 0.03485576923076923 0.042067307692307696
3 0.578125 0.30528846153846156 0.036057692307692304 0.052884615384615384
3 0.48677884615384615 0.34615384615384615 0.036057692307692304 0.055288461538461536
0 0.24519230769230768 0.5348557692307693 0.03245192307692308 0.055288461538461536
3 0.1310096153846154 0.5985576923076923 0.03485576923076923 0.03485576923076923
0 0.22355769230769232 0.6117788461538461 0.046875 0.052884615384615384
3 0.16826923076923078 0.7295673076923077 0.04447115384615385 0.04807692307692308