3 0.43149038461538464 0.9206730769230769 0.02283653846153846 0.038461538461538464
0 0.7055288461538461 0.9387019230769231 0.03485576923076923 0.03365384615384615
0 0.7103365384615384 0.14302884615384615 0.037259615384615384 0.03485576923076923
0 0.28846153846153844 0.3088942307692308 0.046875 0.05889423076923077
0 0.013221153846153846 0.34375 0.026442307692307692 0.04447115384615385
0 0.296875 0.4338942307692308 0.040865384615384616 0.04447115384615385
0 0.4987980769230769 0.44711538461538464 0.03485576923076923 0.021634615384615384
0 0.5745192307692307 0.4495192307692308 0.04567307692307692 0.03245192307692308
0 0.4987980769230769 0.47836538461538464 0.03245192307692308 0.021634615384615384
0 0.8004807692307693 0.5276442307692307 0.021634615384615384 0.04326923076923077
0 0.3762019230769231 0.5865384615384616 0.025240384615384616 0.037259615384615384
0 0.4987980769230769 0.7620192307692307 0.028846153846153848 0.03365384615384615
0 0.140625 0.8413461538461539 0.03485576923076923 0.04927884615384615
0 0.26322115384615385 0.8557692307692307 0.04447115384615385 0.03485576923076923
3 0.4495192307692308 0.8581730769230769 0.03125 0.039663461538461536
0 0.6502403846153846 0.08653846153846154 0.02283653846153846 0.04326923076923077
3 0.33653846153846156 0.8870192307692307 0.019230769230769232 0.030048076923076924
3 0.5408653846153846 0.8930288461538461 0.02403846153846154 0.040865384615384616