3 0.20552884615384615 0.9278846153846154 0.021634615384615384 0.021634615384615384
3 0.2824519230769231 0.9375 0.03245192307692308 0.03245192307692308
3 0.2620192307692308 0.953125 0.025240384615384616 0.04447115384615385
0 0.030048076923076924 0.390625 0.04447115384615385 0.042067307692307696
0 0.3317307692307692 0.39302884615384615 0.02283653846153846 0.037259615384615384
0 0.7199519230769231 0.640625 0.038461538461538464 0.03485576923076923
0 0.4206730769230769 0.7716346153846154 0.040865384615384616 0.028846153846153848
0 0.34615384615384615 0.8004807692307693 0.055288461538461536 0.042067307692307696
0 0.6574519230769231 0.8004807692307693 0.03485576923076923 0.04927884615384615
0 0.32211538461538464 0.8389423076923077 0.051682692307692304 0.037259615384615384
3 0.42908653846153844 0.9014423076923077 0.03125 0.028846153846153848
3 0.21754807692307693 0.90625 0.02283653846153846 0.028846153846153848
3 0.24519230769230768 0.9074519230769231 0.030048076923076924 0.026442307692307692