3 0.4206730769230769 0.9230769230769231 0.021634615384615384 0.025240384615384616
3 0.2956730769230769 0.9350961538461539 0.019230769230769232 0.025240384615384616
3 0.4098557692307692 0.9663461538461539 0.021634615384615384 0.02403846153846154
3 0.3112980769230769 0.9711538461538461 0.02283653846153846 0.027644230769230768
3 0.6286057692307693 0.17307692307692307 0.02403846153846154 0.03125
3 0.671875 0.21875 0.021634615384615384 0.028846153846153848
3 0.38221153846153844 0.2704326923076923 0.019230769230769232 0.030048076923076924
0 0.8401442307692307 0.5420673076923077 0.026442307692307692 0.040865384615384616
3 0.7259615384615384 0.7463942307692307 0.015625 0.019230769230769232
3 0.7391826923076923 0.7632211538461539 0.015625 0.025240384615384616
3 0.7451923076923077 0.7728365384615384 0.013221153846153846 0.020432692307692308
3 0.7596153846153846 0.78125 0.014423076923076924 0.025240384615384616
0 0.5552884615384616 0.78125 0.04807692307692308 0.026442307692307692
0 0.5072115384615384 0.8161057692307693 0.03245192307692308 0.037259615384615384
0 0.3425480769230769 0.8221153846153846 0.03245192307692308 0.028846153846153848
3 0.5324519230769231 0.8473557692307693 0.021634615384615384 0.02403846153846154