0 0.06490384615384616 0.9242788461538461 0.04807692307692308 0.055288461538461536
3 0.2620192307692308 0.9483173076923077 0.021634615384615384 0.03245192307692308
3 0.6466346153846154 0.109375 0.021634615384615384 0.054086538461538464
0 0.4795673076923077 0.2439903846153846 0.03125 0.040865384615384616
0 0.5721153846153846 0.3173076923076923 0.036057692307692304 0.036057692307692304
0 0.42427884615384615 0.32211538461538464 0.03245192307692308 0.046875
0 0.28125 0.46274038461538464 0.025240384615384616 0.03485576923076923
0 0.020432692307692308 0.055288461538461536 0.039663461538461536 0.054086538461538464
3 0.5985576923076923 0.6586538461538461 0.02283653846153846 0.02403846153846154
0 0.8052884615384616 0.06610576923076923 0.038461538461538464 0.04447115384615385
0 0.5889423076923077 0.7151442307692307 0.026442307692307692 0.026442307692307692
0 0.5973557692307693 0.7367788461538461 0.02403846153846154 0.019230769230769232
0 0.34975961538461536 0.8317307692307693 0.051682692307692304 0.037259615384615384
3 0.4230769230769231 0.8834134615384616 0.026442307692307692 0.028846153846153848
3 0.40865384615384615 0.9074519230769231 0.028846153846153848 0.028846153846153848
3 0.24519230769230768 0.9098557692307693 0.03485576923076923 0.028846153846153848
3 0.27524038461538464 0.9170673076923077 0.026442307692307692 0.026442307692307692