3 0.26322115384615385 0.9483173076923077 0.019230769230769232 0.027644230769230768
3 0.640625 0.10576923076923077 0.027644230769230768 0.037259615384615384
0 0.11057692307692307 0.11177884615384616 0.036057692307692304 0.038461538461538464
0 0.32091346153846156 0.15384615384615385 0.03485576923076923 0.042067307692307696
3 0.5745192307692307 0.234375 0.036057692307692304 0.036057692307692304
0 0.6598557692307693 0.2548076923076923 0.03125 0.04807692307692308
3 0.6862980769230769 0.6538461538461539 0.021634615384615384 0.04447115384615385
3 0.6598557692307693 0.6646634615384616 0.03245192307692308 0.03365384615384615
3 0.6502403846153846 0.6887019230769231 0.02403846153846154 0.03365384615384615
0 0.5661057692307693 0.7980769230769231 0.030048076923076924 0.03125
0 0.46875 0.8365384615384616 0.03365384615384615 0.037259615384615384
3 0.40024038461538464 0.8966346153846154 0.03245192307692308 0.03485576923076923
3 0.43990384615384615 0.9074519230769231 0.02403846153846154 0.03485576923076923
3 0.2704326923076923 0.9158653846153846 0.030048076923076924 0.025240384615384616
3 0.25240384615384615 0.9182692307692307 0.021634615384615384 0.021634615384615384