3 0.4567307692307692 0.9399038461538461 0.03245192307692308 0.04567307692307692
0 0.027644230769230768 0.020432692307692308 0.04567307692307692 0.040865384615384616
0 0.8521634615384616 0.2848557692307692 0.038461538461538464 0.057692307692307696
0 0.7860576923076923 0.36538461538461536 0.052884615384615384 0.046875
3 0.25721153846153844 0.5048076923076923 0.036057692307692304 0.03485576923076923
0 0.35697115384615385 0.515625 0.04927884615384615 0.03245192307692308
3 0.2127403846153846 0.5420673076923077 0.03365384615384615 0.042067307692307696
0 0.9903846153846154 0.5432692307692307 0.018028846153846152 0.036057692307692304
0 0.7199519230769231 0.5480769230769231 0.03245192307692308 0.04447115384615385
3 0.6454326923076923 0.7271634615384616 0.03125 0.042067307692307696
0 0.037259615384615384 0.7560096153846154 0.040865384615384616 0.042067307692307696
0 0.38822115384615385 0.7728365384615384 0.038461538461538464 0.037259615384615384
0 0.07451923076923077 0.7848557692307693 0.039663461538461536 0.052884615384615384
3 0.45072115384615385 0.8882211538461539 0.025240384615384616 0.037259615384615384
0 0.22115384615384615 0.8942307692307693 0.039663461538461536 0.03245192307692308
3 0.3954326923076923 0.8978365384615384 0.026442307692307692 0.03485576923076923