0 0.39302884615384615 0.11177884615384616 0.04447115384615385 0.054086538461538464
0 0.2620192307692308 0.16706730769230768 0.028846153846153848 0.03245192307692308
0 0.08533653846153846 0.1875 0.039663461538461536 0.038461538461538464
0 0.6923076923076923 0.20552884615384615 0.039663461538461536 0.037259615384615384
3 0.5048076923076923 0.2764423076923077 0.036057692307692304 0.03365384615384615
3 0.7560096153846154 0.2956730769230769 0.025240384615384616 0.03245192307692308
0 0.10096153846153846 0.33413461538461536 0.03125 0.03485576923076923
0 0.31971153846153844 0.3605769230769231 0.026442307692307692 0.04447115384615385
2 0.2704326923076923 0.4375 0.036057692307692304 0.06850961538461539
3 0.4795673076923077 0.5396634615384616 0.030048076923076924 0.038461538461538464
0 0.2668269230769231 0.8064903846153846 0.040865384615384616 0.042067307692307696