3 0.057692307692307696 0.9711538461538461 0.037259615384615384 0.036057692307692304
3 0.7331730769230769 0.16826923076923078 0.04447115384615385 0.042067307692307696
3 0.15504807692307693 0.17427884615384615 0.042067307692307696 0.046875
3 0.7596153846153846 0.21394230769230768 0.03125 0.042067307692307696
3 0.7019230769230769 0.038461538461538464 0.05048076923076923 0.054086538461538464
3 0.9290865384615384 0.5024038461538461 0.057692307692307696 0.04447115384615385
3 0.2091346153846154 0.7572115384615384 0.054086538461538464 0.030048076923076924
4 0.43509615384615385 0.7872596153846154 0.06850961538461539 0.026442307692307692
4 0.484375 0.859375 0.07692307692307693 0.06009615384615385
0 0.11778846153846154 0.8798076923076923 0.051682692307692304 0.042067307692307696
0 0.0673076923076923 0.9110576923076923 0.04567307692307692 0.042067307692307696