3 0.9459134615384616 0.9387019230769231 0.025240384615384616 0.03245192307692308
0 0.8365384615384616 0.9615384615384616 0.026442307692307692 0.03245192307692308
3 0.9855769230769231 0.19831730769230768 0.02403846153846154 0.04567307692307692
3 0.21995192307692307 0.20192307692307693 0.026442307692307692 0.037259615384615384
3 0.4951923076923077 0.27163461538461536 0.02283653846153846 0.056490384615384616
3 0.5360576923076923 0.2824519230769231 0.03245192307692308 0.042067307692307696
3 0.4891826923076923 0.3269230769230769 0.026442307692307692 0.02403846153846154
0 0.2692307692307692 0.33413461538461536 0.026442307692307692 0.038461538461538464
0 0.23798076923076922 0.34134615384615385 0.026442307692307692 0.039663461538461536
0 0.25 0.3425480769230769 0.036057692307692304 0.03485576923076923
0 0.4639423076923077 0.453125 0.03365384615384615 0.042067307692307696
3 0.10697115384615384 0.5997596153846154 0.036057692307692304 0.037259615384615384
3 0.36658653846153844 0.6069711538461539 0.027644230769230768 0.037259615384615384
3 0.10096153846153846 0.7367788461538461 0.027644230769230768 0.038461538461538464
0 0.7956730769230769 0.7836538461538461 0.028846153846153848 0.042067307692307696