0 0.06370192307692307 0.9350961538461539 0.040865384615384616 0.04326923076923077
3 0.5985576923076923 0.15504807692307693 0.051682692307692304 0.028846153846153848
3 0.7379807692307693 0.17067307692307693 0.04447115384615385 0.0625
3 0.12379807692307693 0.20192307692307693 0.06370192307692307 0.042067307692307696
3 0.6466346153846154 0.3557692307692308 0.027644230769230768 0.03485576923076923
0 0.7536057692307693 0.390625 0.04567307692307692 0.046875
3 0.8137019230769231 0.4206730769230769 0.03125 0.04927884615384615
0 0.9795673076923077 0.5552884615384616 0.039663461538461536 0.026442307692307692
0 0.7175480769230769 0.7836538461538461 0.046875 0.02403846153846154
0 0.5637019230769231 0.8557692307692307 0.04567307692307692 0.037259615384615384
0 0.3317307692307692 0.8605769230769231 0.057692307692307696 0.03365384615384615
0 0.14302884615384615 0.8641826923076923 0.030048076923076924 0.037259615384615384
0 0.046875 0.8930288461538461 0.039663461538461536 0.03365384615384615