0 0.02283653846153846 0.9350961538461539 0.04567307692307692 0.09014423076923077
3 0.625 0.09735576923076923 0.04447115384615385 0.05048076923076923
3 0.7295673076923077 0.16105769230769232 0.039663461538461536 0.04927884615384615
3 0.1346153846153846 0.16947115384615385 0.038461538461538464 0.028846153846153848
3 0.2127403846153846 0.2091346153846154 0.04447115384615385 0.06129807692307692
3 0.1346153846153846 0.3088942307692308 0.03365384615384615 0.037259615384615384
3 0.7992788461538461 0.4639423076923077 0.06370192307692307 0.08413461538461539
3 0.453125 0.6658653846153846 0.03365384615384615 0.046875
0 0.36778846153846156 0.7788461538461539 0.038461538461538464 0.04447115384615385
3 0.7920673076923077 0.7980769230769231 0.051682692307692304 0.051682692307692304
3 0.48197115384615385 0.8365384615384616 0.009615384615384616 0.016826923076923076