3 0.234375 0.921875 0.013221153846153846 0.025240384615384616
3 0.421875 0.9230769230769231 0.021634615384615384 0.03365384615384615
3 0.26322115384615385 0.9459134615384616 0.026442307692307692 0.027644230769230768
3 0.6490384615384616 0.109375 0.03365384615384615 0.040865384615384616
0 0.22355769230769232 0.12139423076923077 0.036057692307692304 0.036057692307692304
0 0.35336538461538464 0.15985576923076922 0.027644230769230768 0.038461538461538464
0 0.7572115384615384 0.16706730769230768 0.04326923076923077 0.040865384615384616
0 0.11778846153846154 0.40625 0.03245192307692308 0.03365384615384615
0 0.8353365384615384 0.49399038461538464 0.038461538461538464 0.04567307692307692
0 0.8617788461538461 0.5600961538461539 0.03365384615384615 0.037259615384615384
0 0.9879807692307693 0.5697115384615384 0.019230769230769232 0.038461538461538464
0 0.24879807692307693 0.640625 0.038461538461538464 0.037259615384615384
0 0.2608173076923077 0.7427884615384616 0.028846153846153848 0.026442307692307692
0 0.5132211538461539 0.7475961538461539 0.03485576923076923 0.03125
0 0.26322115384615385 0.7620192307692307 0.026442307692307692 0.013221153846153846
3 0.42908653846153844 0.8990384615384616 0.019230769230769232 0.02283653846153846
3 0.2704326923076923 0.9146634615384616 0.027644230769230768 0.028846153846153848
3 0.25600961538461536 0.9182692307692307 0.02283653846153846 0.025240384615384616