3 0.5216346153846154 0.27163461538461536 0.021634615384615384 0.014423076923076924
3 0.5480769230769231 0.27403846153846156 0.021634615384615384 0.026442307692307692
3 0.5108173076923077 0.32211538461538464 0.025240384615384616 0.037259615384615384
0 0.32211538461538464 0.4074519230769231 0.02403846153846154 0.038461538461538464
3 0.4699519230769231 0.41466346153846156 0.02403846153846154 0.040865384615384616
3 0.3125 0.5264423076923077 0.027644230769230768 0.039663461538461536
3 0.4579326923076923 0.7103365384615384 0.021634615384615384 0.030048076923076924
3 0.3954326923076923 0.8161057692307693 0.025240384615384616 0.03125
3 0.4110576923076923 0.8329326923076923 0.02283653846153846 0.038461538461538464
3 0.4074519230769231 0.8617788461538461 0.030048076923076924 0.038461538461538464
0 0.8942307692307693 0.8665865384615384 0.025240384615384616 0.036057692307692304