3 0.3076923076923077 0.9278846153846154 0.026442307692307692 0.021634615384615384
3 0.5444711538461539 0.18389423076923078 0.02283653846153846 0.027644230769230768
0 0.36177884615384615 0.2536057692307692 0.03125 0.03365384615384615
0 0.078125 0.28846153846153844 0.026442307692307692 0.037259615384615384
3 0.8569711538461539 0.5288461538461539 0.027644230769230768 0.025240384615384616
0 0.2920673076923077 0.5348557692307693 0.028846153846153848 0.02283653846153846
3 0.8245192307692307 0.5372596153846154 0.014423076923076924 0.03365384615384615
0 0.5552884615384616 0.6045673076923077 0.018028846153846152 0.02403846153846154
0 0.4807692307692308 0.7127403846153846 0.019230769230769232 0.02283653846153846
3 0.484375 0.8112980769230769 0.019230769230769232 0.020432692307692308
3 0.34975961538461536 0.8954326923076923 0.019230769230769232 0.016826923076923076
3 0.39903846153846156 0.8990384615384616 0.016826923076923076 0.018028846153846152