0 0.3245192307692308 0.9855769230769231 0.021634615384615384 0.027644230769230768
0 0.34975961538461536 0.9891826923076923 0.03365384615384615 0.019230769230769232
0 0.7259615384615384 0.18509615384615385 0.027644230769230768 0.042067307692307696
0 0.08413461538461539 0.18870192307692307 0.025240384615384616 0.03365384615384615
0 0.1201923076923077 0.20673076923076922 0.046875 0.025240384615384616
0 0.2548076923076923 0.234375 0.03125 0.054086538461538464
0 0.13581730769230768 0.24158653846153846 0.039663461538461536 0.036057692307692304
0 0.8389423076923077 0.3713942307692308 0.036057692307692304 0.03485576923076923
0 0.33774038461538464 0.41586538461538464 0.056490384615384616 0.05889423076923077
0 0.265625 0.6334134615384616 0.037259615384615384 0.046875
0 0.23076923076923078 0.6983173076923077 0.027644230769230768 0.05889423076923077