3 0.2608173076923077 0.9435096153846154 0.019230769230769232 0.02283653846153846
3 0.21033653846153846 0.9447115384615384 0.02403846153846154 0.03365384615384615
0 0.703125 0.15264423076923078 0.03125 0.03365384615384615
0 0.14543269230769232 0.3557692307692308 0.04927884615384615 0.056490384615384616
0 0.21514423076923078 0.49278846153846156 0.027644230769230768 0.025240384615384616
0 0.6658653846153846 0.6730769230769231 0.03245192307692308 0.030048076923076924
0 0.6538461538461539 0.7704326923076923 0.030048076923076924 0.042067307692307696
3 0.4579326923076923 0.8798076923076923 0.030048076923076924 0.03365384615384615
3 0.43149038461538464 0.8978365384615384 0.021634615384615384 0.030048076923076924
3 0.24278846153846154 0.9014423076923077 0.02283653846153846 0.037259615384615384
3 0.27884615384615385 0.9158653846153846 0.03245192307692308 0.03125