3 0.2932692307692308 0.9362980769230769 0.028846153846153848 0.028846153846153848
3 0.3088942307692308 0.9747596153846154 0.026442307692307692 0.04447115384615385
3 0.6262019230769231 0.171875 0.014423076923076924 0.03125
3 0.671875 0.21514423076923078 0.019230769230769232 0.040865384615384616
3 0.38100961538461536 0.26802884615384615 0.02283653846153846 0.028846153846153848
3 0.8353365384615384 0.5396634615384616 0.02283653846153846 0.036057692307692304
3 0.7271634615384616 0.75 0.018028846153846152 0.025240384615384616
3 0.7379807692307693 0.7620192307692307 0.014423076923076924 0.027644230769230768
3 0.7463942307692307 0.7704326923076923 0.016826923076923076 0.027644230769230768
3 0.7620192307692307 0.7788461538461539 0.014423076923076924 0.028846153846153848
0 0.5516826923076923 0.7824519230769231 0.030048076923076924 0.026442307692307692
0 0.5096153846153846 0.8185096153846154 0.03125 0.02403846153846154
0 0.3485576923076923 0.8209134615384616 0.039663461538461536 0.026442307692307692
3 0.5288461538461539 0.84375 0.02283653846153846 0.040865384615384616
3 0.41947115384615385 0.9182692307692307 0.02403846153846154 0.040865384615384616