3 0.265625 0.9194711538461539 0.04326923076923077 0.027644230769230768
3 0.2644230769230769 0.9399038461538461 0.02403846153846154 0.025240384615384616
0 0.17427884615384615 0.38100961538461536 0.038461538461538464 0.04567307692307692
3 0.3954326923076923 0.5576923076923077 0.037259615384615384 0.04447115384615385
0 0.9855769230769231 0.6286057692307693 0.02403846153846154 0.05048076923076923
0 0.6514423076923077 0.6466346153846154 0.03245192307692308 0.04927884615384615
3 0.9242788461538461 0.6694711538461539 0.027644230769230768 0.02403846153846154
3 0.9302884615384616 0.6923076923076923 0.021634615384615384 0.026442307692307692
0 0.6057692307692307 0.734375 0.039663461538461536 0.040865384615384616
0 0.3557692307692308 0.7920673076923077 0.036057692307692304 0.03485576923076923
3 0.4519230769230769 0.8858173076923077 0.03485576923076923 0.030048076923076924
3 0.4230769230769231 0.9050480769230769 0.02283653846153846 0.027644230769230768