0 0.052884615384615384 0.9375 0.03365384615384615 0.040865384615384616
0 0.5 0.20432692307692307 0.039663461538461536 0.037259615384615384
3 0.1622596153846154 0.23918269230769232 0.02403846153846154 0.037259615384615384
3 0.4879807692307692 0.27403846153846156 0.027644230769230768 0.042067307692307696
0 0.7235576923076923 0.34134615384615385 0.039663461538461536 0.052884615384615384
3 0.4735576923076923 0.34615384615384615 0.03125 0.04807692307692308
0 0.6454326923076923 0.39302884615384615 0.019230769230769232 0.03365384615384615
0 0.6634615384615384 0.41346153846153844 0.02403846153846154 0.036057692307692304
3 0.6129807692307693 0.5456730769230769 0.03245192307692308 0.030048076923076924
0 0.7788461538461539 0.6286057692307693 0.03125 0.037259615384615384
3 0.0829326923076923 0.6478365384615384 0.037259615384615384 0.04567307692307692
0 0.6682692307692307 0.6730769230769231 0.03125 0.037259615384615384
3 0.4170673076923077 0.6911057692307693 0.025240384615384616 0.030048076923076924
0 0.7908653846153846 0.703125 0.020432692307692308 0.030048076923076924
0 0.7536057692307693 0.7091346153846154 0.021634615384615384 0.025240384615384616
3 0.6850961538461539 0.7776442307692307 0.038461538461538464 0.04447115384615385
0 0.7992788461538461 0.078125 0.018028846153846152 0.037259615384615384
0 0.33413461538461536 0.7836538461538461 0.03365384615384615 0.03485576923076923
0 0.6009615384615384 0.7980769230769231 0.038461538461538464 0.037259615384615384
3 0.6778846153846154 0.8185096153846154 0.03125 0.037259615384615384
0 0.23677884615384615 0.8629807692307693 0.028846153846153848 0.040865384615384616
3 0.4735576923076923 0.8942307692307693 0.028846153846153848 0.02403846153846154
3 0.3269230769230769 0.8954326923076923 0.040865384615384616 0.040865384615384616