3 0.15144230769230768 0.16947115384615385 0.03245192307692308 0.03365384615384615
3 0.7463942307692307 0.17427884615384615 0.03365384615384615 0.06610576923076923
3 0.7848557692307693 0.3798076923076923 0.036057692307692304 0.06009615384615385
3 0.7620192307692307 0.39663461538461536 0.03485576923076923 0.046875
3 0.8185096153846154 0.39903846153846156 0.04807692307692308 0.05048076923076923
3 0.8016826923076923 0.4579326923076923 0.042067307692307696 0.042067307692307696
3 0.16105769230769232 0.6033653846153846 0.06370192307692307 0.054086538461538464
3 0.8942307692307693 0.7271634615384616 0.037259615384615384 0.04447115384615385
3 0.14302884615384615 0.7295673076923077 0.03245192307692308 0.056490384615384616
3 0.8052884615384616 0.8641826923076923 0.04567307692307692 0.037259615384615384
3 0.8293269230769231 0.8930288461538461 0.037259615384615384 0.040865384615384616