3 0.7379807692307693 0.1658653846153846 0.030048076923076924 0.039663461538461536
3 0.7199519230769231 0.22115384615384615 0.038461538461538464 0.042067307692307696
3 0.13942307692307693 0.22355769230769232 0.06490384615384616 0.05889423076923077
3 0.13221153846153846 0.35697115384615385 0.040865384615384616 0.046875
3 0.7259615384615384 0.4014423076923077 0.046875 0.046875
3 0.6490384615384616 0.4735576923076923 0.054086538461538464 0.0625
3 0.6370192307692307 0.07091346153846154 0.051682692307692304 0.054086538461538464
3 0.22956730769230768 0.7403846153846154 0.027644230769230768 0.030048076923076924
3 0.4098557692307692 0.7463942307692307 0.04447115384615385 0.02403846153846154
0 0.27884615384615385 0.8533653846153846 0.042067307692307696 0.038461538461538464
0 0.14302884615384615 0.8653846153846154 0.03125 0.039663461538461536