3 0.2403846153846154 0.9423076923076923 0.03245192307692308 0.03365384615384615
0 0.1622596153846154 0.14903846153846154 0.03485576923076923 0.046875
0 0.8100961538461539 0.015625 0.03245192307692308 0.03125
0 0.03485576923076923 0.016826923076923076 0.040865384615384616 0.03365384615384615
0 0.31009615384615385 0.23798076923076922 0.038461538461538464 0.037259615384615384
3 0.5721153846153846 0.36538461538461536 0.03365384615384615 0.030048076923076924
0 0.5673076923076923 0.46875 0.038461538461538464 0.04567307692307692
3 0.3425480769230769 0.4735576923076923 0.027644230769230768 0.019230769230769232
3 0.8533653846153846 0.47475961538461536 0.02283653846153846 0.03365384615384615
0 0.4206730769230769 0.5 0.051682692307692304 0.038461538461538464
3 0.33052884615384615 0.5180288461538461 0.038461538461538464 0.02283653846153846
0 0.9014423076923077 0.5588942307692307 0.040865384615384616 0.03365384615384615
3 0.7463942307692307 0.625 0.028846153846153848 0.040865384615384616
3 0.5240384615384616 0.8786057692307693 0.03485576923076923 0.039663461538461536
3 0.42908653846153844 0.8870192307692307 0.018028846153846152 0.018028846153846152
3 0.4206730769230769 0.9134615384615384 0.03125 0.039663461538461536