3 0.2548076923076923 0.9459134615384616 0.030048076923076924 0.030048076923076924
0 0.671875 0.10576923076923077 0.027644230769230768 0.04927884615384615
3 0.6706730769230769 0.265625 0.02283653846153846 0.040865384615384616
0 0.7091346153846154 0.44591346153846156 0.02403846153846154 0.027644230769230768
0 0.0673076923076923 0.4795673076923077 0.03485576923076923 0.039663461538461536
0 0.921875 0.6526442307692307 0.030048076923076924 0.028846153846153848
0 0.04567307692307692 0.6923076923076923 0.030048076923076924 0.040865384615384616
3 0.8870192307692307 0.6983173076923077 0.019230769230769232 0.02403846153846154
3 0.39663461538461536 0.7367788461538461 0.027644230769230768 0.025240384615384616
0 0.5384615384615384 0.8112980769230769 0.040865384615384616 0.040865384615384616
3 0.25240384615384615 0.8942307692307693 0.019230769230769232 0.02283653846153846
3 0.4254807692307692 0.9110576923076923 0.026442307692307692 0.030048076923076924
3 0.27403846153846156 0.9146634615384616 0.02283653846153846 0.027644230769230768