3 0.4026442307692308 0.9194711538461539 0.030048076923076924 0.030048076923076924
3 0.20793269230769232 0.9411057692307693 0.027644230769230768 0.039663461538461536
3 0.2620192307692308 0.953125 0.02283653846153846 0.03245192307692308
3 0.2283653846153846 0.9615384615384616 0.025240384615384616 0.028846153846153848
0 0.8389423076923077 0.016826923076923076 0.028846153846153848 0.03365384615384615
3 0.5372596153846154 0.3713942307692308 0.026442307692307692 0.040865384615384616
0 0.030048076923076924 0.3798076923076923 0.026442307692307692 0.057692307692307696
3 0.4326923076923077 0.5192307692307693 0.038461538461538464 0.046875
0 0.6478365384615384 0.7115384615384616 0.046875 0.03485576923076923
0 0.39663461538461536 0.7355769230769231 0.025240384615384616 0.03365384615384615
0 0.6995192307692307 0.7403846153846154 0.036057692307692304 0.03485576923076923
0 0.5637019230769231 0.7487980769230769 0.04807692307692308 0.037259615384615384
0 0.1935096153846154 0.8365384615384616 0.026442307692307692 0.039663461538461536
0 0.33774038461538464 0.8461538461538461 0.027644230769230768 0.025240384615384616
3 0.28125 0.9170673076923077 0.015625 0.037259615384615384