3 0.3016826923076923 0.921875 0.025240384615384616 0.018028846153846152
0 0.17427884615384615 0.21875 0.026442307692307692 0.03245192307692308
3 0.47596153846153844 0.2860576923076923 0.02283653846153846 0.04447115384615385
3 0.9615384615384616 0.35697115384615385 0.019230769230769232 0.037259615384615384
0 0.4074519230769231 0.44471153846153844 0.03245192307692308 0.028846153846153848
0 0.6298076923076923 0.5096153846153846 0.019230769230769232 0.03365384615384615
0 0.5264423076923077 0.5108173076923077 0.026442307692307692 0.028846153846153848
0 0.8137019230769231 0.5588942307692307 0.02283653846153846 0.030048076923076924
0 0.3485576923076923 0.6346153846153846 0.015625 0.021634615384615384
0 0.2091346153846154 0.7872596153846154 0.046875 0.018028846153846152
3 0.5012019230769231 0.8822115384615384 0.030048076923076924 0.025240384615384616
0 0.10697115384615384 0.8954326923076923 0.028846153846153848 0.02283653846153846
3 0.375 0.9098557692307693 0.021634615384615384 0.028846153846153848