0 0.8125 0.9471153846153846 0.03485576923076923 0.025240384615384616
0 0.8509615384615384 0.984375 0.04447115384615385 0.028846153846153848
3 0.5348557692307693 0.2800480769230769 0.04807692307692308 0.03125
3 0.5012019230769231 0.33774038461538464 0.039663461538461536 0.051682692307692304
3 0.4387019230769231 0.34975961538461536 0.02403846153846154 0.042067307692307696
0 0.23798076923076922 0.3713942307692308 0.025240384615384616 0.028846153846153848
0 0.8533653846153846 0.38221153846153844 0.018028846153846152 0.02283653846153846
0 0.8569711538461539 0.4110576923076923 0.021634615384615384 0.02403846153846154
0 0.6694711538461539 0.4266826923076923 0.03245192307692308 0.02403846153846154
0 0.02283653846153846 0.4423076923076923 0.04567307692307692 0.038461538461538464
0 0.6742788461538461 0.44471153846153844 0.04447115384615385 0.026442307692307692
0 0.671875 0.4639423076923077 0.027644230769230768 0.02283653846153846
0 0.8846153846153846 0.5120192307692307 0.036057692307692304 0.04447115384615385
3 0.4951923076923077 0.5420673076923077 0.02403846153846154 0.039663461538461536
0 0.9146634615384616 0.8293269230769231 0.026442307692307692 0.05889423076923077