3 0.5901442307692307 0.14423076923076922 0.057692307692307696 0.06009615384615385
3 0.7367788461538461 0.17427884615384615 0.04567307692307692 0.046875
3 0.12620192307692307 0.18269230769230768 0.039663461538461536 0.056490384615384616
3 0.45913461538461536 0.036057692307692304 0.038461538461538464 0.05048076923076923
0 0.9495192307692307 0.59375 0.04326923076923077 0.054086538461538464
3 0.8677884615384616 0.7415865384615384 0.06850961538461539 0.037259615384615384
3 0.23798076923076922 0.75 0.057692307692307696 0.05889423076923077
3 0.3329326923076923 0.7896634615384616 0.057692307692307696 0.038461538461538464
3 0.5048076923076923 0.8257211538461539 0.06610576923076923 0.042067307692307696
0 0.7548076923076923 0.8365384615384616 0.05048076923076923 0.03485576923076923
0 0.6610576923076923 0.84375 0.06129807692307692 0.038461538461538464