0 0.7331730769230769 0.9375 0.042067307692307696 0.03245192307692308
3 0.9807692307692307 0.15625 0.021634615384615384 0.03245192307692308
3 0.53125 0.25600961538461536 0.026442307692307692 0.030048076923076924
3 0.5024038461538461 0.2668269230769231 0.027644230769230768 0.028846153846153848
3 0.5456730769230769 0.27163461538461536 0.026442307692307692 0.015625
3 0.5420673076923077 0.30288461538461536 0.027644230769230768 0.02283653846153846
0 0.8786057692307693 0.3762019230769231 0.026442307692307692 0.038461538461538464
0 0.3918269230769231 0.6213942307692307 0.028846153846153848 0.037259615384615384
3 0.3112980769230769 0.7716346153846154 0.021634615384615384 0.02283653846153846
0 0.9771634615384616 0.7716346153846154 0.027644230769230768 0.030048076923076924
3 0.29927884615384615 0.8076923076923077 0.019230769230769232 0.02403846153846154
0 0.5865384615384616 0.8365384615384616 0.042067307692307696 0.03365384615384615
3 0.26802884615384615 0.8533653846153846 0.021634615384615384 0.021634615384615384
0 0.8353365384615384 0.8846153846153846 0.056490384615384616 0.042067307692307696