3 0.5108173076923077 0.27163461538461536 0.019230769230769232 0.030048076923076924
3 0.5456730769230769 0.27884615384615385 0.028846153846153848 0.025240384615384616
3 0.5036057692307693 0.3389423076923077 0.030048076923076924 0.038461538461538464
0 0.44350961538461536 0.4423076923076923 0.026442307692307692 0.013221153846153846
3 0.6670673076923077 0.453125 0.03125 0.039663461538461536
0 0.43990384615384615 0.4567307692307692 0.02403846153846154 0.013221153846153846
0 0.4362980769230769 0.4735576923076923 0.019230769230769232 0.010817307692307692
3 0.2920673076923077 0.5420673076923077 0.026442307692307692 0.039663461538461536
3 0.23197115384615385 0.6947115384615384 0.03245192307692308 0.055288461538461536
3 0.5769230769230769 0.7247596153846154 0.027644230769230768 0.038461538461538464
3 0.125 0.7584134615384616 0.02283653846153846 0.039663461538461536
0 0.9411057692307693 0.8966346153846154 0.025240384615384616 0.037259615384615384