3 0.27524038461538464 0.9194711538461539 0.018028846153846152 0.021634615384615384
3 0.2608173076923077 0.9399038461538461 0.019230769230769232 0.021634615384615384
0 0.5456730769230769 0.19110576923076922 0.02283653846153846 0.037259615384615384
0 0.042067307692307696 0.03485576923076923 0.027644230769230768 0.04447115384615385
0 0.7944711538461539 0.5252403846153846 0.036057692307692304 0.04447115384615385
0 0.09375 0.6009615384615384 0.03245192307692308 0.06610576923076923
0 0.04807692307692308 0.625 0.026442307692307692 0.054086538461538464
0 0.6334134615384616 0.6442307692307693 0.03485576923076923 0.038461538461538464
0 0.6358173076923077 0.6887019230769231 0.03485576923076923 0.03365384615384615
3 0.08173076923076923 0.7860576923076923 0.026442307692307692 0.03245192307692308
0 0.6430288461538461 0.796875 0.030048076923076924 0.038461538461538464
0 0.625 0.08173076923076923 0.03485576923076923 0.03245192307692308
2 0.3425480769230769 0.8221153846153846 0.06009615384615385 0.055288461538461536
0 0.12620192307692307 0.8605769230769231 0.046875 0.04927884615384615
3 0.2548076923076923 0.9098557692307693 0.025240384615384616 0.028846153846153848