0 0.6742788461538461 0.13942307692307693 0.046875 0.046875
0 0.84375 0.1658653846153846 0.03245192307692308 0.046875
0 0.3161057692307692 0.18389423076923078 0.039663461538461536 0.046875
0 0.40384615384615385 0.24519230769230768 0.03125 0.03245192307692308
0 0.3401442307692308 0.265625 0.03125 0.04447115384615385
0 0.3581730769230769 0.28725961538461536 0.036057692307692304 0.046875
0 0.13581730769230768 0.3485576923076923 0.04807692307692308 0.051682692307692304
0 0.265625 0.3605769230769231 0.038461538461538464 0.04927884615384615
0 0.6887019230769231 0.036057692307692304 0.04326923076923077 0.030048076923076924
3 0.21995192307692307 0.5252403846153846 0.036057692307692304 0.04447115384615385
3 0.36177884615384615 0.5612980769230769 0.039663461538461536 0.03245192307692308