3 0.42788461538461536 0.9206730769230769 0.026442307692307692 0.03125
3 0.26802884615384615 0.921875 0.036057692307692304 0.04326923076923077
3 0.26322115384615385 0.9447115384615384 0.03245192307692308 0.028846153846153848
0 0.2536057692307692 0.1346153846153846 0.030048076923076924 0.038461538461538464
0 0.6983173076923077 0.16826923076923078 0.02403846153846154 0.040865384615384616
3 0.5637019230769231 0.17067307692307693 0.02403846153846154 0.030048076923076924
0 0.7860576923076923 0.21153846153846154 0.038461538461538464 0.037259615384615384
3 0.4951923076923077 0.2932692307692308 0.028846153846153848 0.03365384615384615
3 0.5036057692307693 0.36778846153846156 0.036057692307692304 0.04567307692307692
0 0.056490384615384616 0.5985576923076923 0.03485576923076923 0.03485576923076923
0 0.9555288461538461 0.6298076923076923 0.03485576923076923 0.03365384615384615
3 0.6682692307692307 0.6634615384615384 0.020432692307692308 0.028846153846153848
3 0.6502403846153846 0.6670673076923077 0.014423076923076924 0.020432692307692308
3 0.6442307692307693 0.6935096153846154 0.027644230769230768 0.028846153846153848
3 0.40384615384615385 0.8930288461538461 0.021634615384615384 0.026442307692307692
3 0.23677884615384615 0.9182692307692307 0.02403846153846154 0.027644230769230768