3 0.7403846153846154 0.16466346153846154 0.03125 0.037259615384615384
3 0.12860576923076922 0.21153846153846154 0.03125 0.042067307692307696
3 0.765625 0.3762019230769231 0.03125 0.026442307692307692
3 0.8161057692307693 0.3762019230769231 0.040865384615384616 0.021634615384615384
3 0.7620192307692307 0.4014423076923077 0.046875 0.030048076923076924
3 0.8197115384615384 0.4098557692307692 0.03365384615384615 0.04807692307692308
3 0.7644230769230769 0.4266826923076923 0.027644230769230768 0.038461538461538464
3 0.9447115384615384 0.5096153846153846 0.038461538461538464 0.03245192307692308
3 0.026442307692307692 0.6995192307692307 0.03245192307692308 0.05048076923076923
3 0.9206730769230769 0.7247596153846154 0.04326923076923077 0.038461538461538464
3 0.6322115384615384 0.7560096153846154 0.027644230769230768 0.046875
3 0.7752403846153846 0.8473557692307693 0.054086538461538464 0.04447115384615385