3 0.20552884615384615 0.9435096153846154 0.027644230769230768 0.025240384615384616
3 0.2548076923076923 0.9435096153846154 0.02403846153846154 0.03365384615384615
3 0.23557692307692307 0.9603365384615384 0.042067307692307696 0.026442307692307692
0 0.06971153846153846 0.4519230769230769 0.027644230769230768 0.04447115384615385
3 0.17908653846153846 0.5492788461538461 0.03245192307692308 0.04567307692307692
3 0.6947115384615384 0.5901442307692307 0.027644230769230768 0.028846153846153848
0 0.018028846153846152 0.06129807692307692 0.036057692307692304 0.036057692307692304
0 0.4014423076923077 0.7391826923076923 0.03125 0.04326923076923077
0 0.040865384615384616 0.7475961538461539 0.03245192307692308 0.046875
3 0.48197115384615385 0.8245192307692307 0.036057692307692304 0.02283653846153846
3 0.45072115384615385 0.8569711538461539 0.030048076923076924 0.028846153846153848
3 0.14182692307692307 0.8894230769230769 0.037259615384615384 0.037259615384615384
3 0.26802884615384615 0.9122596153846154 0.03125 0.036057692307692304