3 0.11899038461538461 0.9591346153846154 0.03245192307692308 0.03365384615384615
0 0.8137019230769231 0.01201923076923077 0.046875 0.02283653846153846
3 0.8173076923076923 0.31850961538461536 0.02403846153846154 0.04567307692307692
0 0.6742788461538461 0.3858173076923077 0.03245192307692308 0.040865384615384616
0 0.07572115384615384 0.42788461538461536 0.037259615384615384 0.042067307692307696
0 0.125 0.42908653846153844 0.046875 0.056490384615384616
3 0.8545673076923077 0.47836538461538464 0.026442307692307692 0.046875
0 0.4495192307692308 0.7908653846153846 0.040865384615384616 0.037259615384615384
0 0.49278846153846156 0.8052884615384616 0.036057692307692304 0.026442307692307692
3 0.33413461538461536 0.8629807692307693 0.03245192307692308 0.028846153846153848
3 0.3112980769230769 0.90625 0.016826923076923076 0.03245192307692308