3 0.2668269230769231 0.9495192307692307 0.03245192307692308 0.028846153846153848
0 0.013221153846153846 0.09735576923076923 0.026442307692307692 0.04807692307692308
3 0.6454326923076923 0.10576923076923077 0.03245192307692308 0.03365384615384615
3 0.6274038461538461 0.15384615384615385 0.021634615384615384 0.04447115384615385
0 0.11658653846153846 0.328125 0.04326923076923077 0.040865384615384616
0 0.3425480769230769 0.34615384615384615 0.028846153846153848 0.042067307692307696
0 0.6009615384615384 0.35697115384615385 0.037259615384615384 0.040865384615384616
0 0.12860576923076922 0.3954326923076923 0.03245192307692308 0.03245192307692308
0 0.052884615384615384 0.4699519230769231 0.028846153846153848 0.04447115384615385
0 0.7788461538461539 0.6358173076923077 0.04326923076923077 0.04807692307692308
0 0.6514423076923077 0.7307692307692307 0.037259615384615384 0.036057692307692304
3 0.44711538461538464 0.7427884615384616 0.027644230769230768 0.04447115384615385
0 0.5432692307692307 0.7463942307692307 0.03125 0.039663461538461536
0 0.5384615384615384 0.7908653846153846 0.04326923076923077 0.038461538461538464
3 0.21634615384615385 0.8028846153846154 0.014423076923076924 0.025240384615384616
3 0.41947115384615385 0.8942307692307693 0.026442307692307692 0.026442307692307692
3 0.40384615384615385 0.9110576923076923 0.019230769230769232 0.025240384615384616
3 0.23557692307692307 0.9170673076923077 0.020432692307692308 0.02403846153846154
3 0.27403846153846156 0.9182692307692307 0.021634615384615384 0.026442307692307692