0 0.4831730769230769 0.9819711538461539 0.038461538461538464 0.03365384615384615
3 0.9759615384615384 0.17668269230769232 0.026442307692307692 0.037259615384615384
3 0.5300480769230769 0.2668269230769231 0.016826923076923076 0.021634615384615384
3 0.49158653846153844 0.2704326923076923 0.016826923076923076 0.03485576923076923
3 0.5420673076923077 0.2848557692307692 0.030048076923076924 0.02403846153846154
3 0.5384615384615384 0.30408653846153844 0.018028846153846152 0.018028846153846152
3 0.4891826923076923 0.34615384615384615 0.030048076923076924 0.046875
3 0.16947115384615385 0.47716346153846156 0.03125 0.028846153846153848
3 0.7596153846153846 0.5997596153846154 0.028846153846153848 0.042067307692307696
3 0.12740384615384615 0.7151442307692307 0.030048076923076924 0.036057692307692304
0 0.2608173076923077 0.7475961538461539 0.027644230769230768 0.046875
0 0.5600961538461539 0.7728365384615384 0.027644230769230768 0.038461538461538464
0 0.7487980769230769 0.8100961538461539 0.056490384615384616 0.03485576923076923
0 0.4639423076923077 0.9146634615384616 0.04807692307692308 0.038461538461538464