3 0.2608173076923077 0.9230769230769231 0.019230769230769232 0.021634615384615384
3 0.4567307692307692 0.9302884615384616 0.03245192307692308 0.042067307692307696
3 0.265625 0.953125 0.03125 0.036057692307692304
3 0.7512019230769231 0.9783653846153846 0.025240384615384616 0.036057692307692304
0 0.07211538461538461 0.11177884615384616 0.039663461538461536 0.06610576923076923
0 0.84375 0.2091346153846154 0.030048076923076924 0.04567307692307692
0 0.8353365384615384 0.29447115384615385 0.030048076923076924 0.04927884615384615
3 0.39302884615384615 0.35697115384615385 0.03125 0.042067307692307696
0 0.9855769230769231 0.5769230769230769 0.027644230769230768 0.036057692307692304
0 0.875 0.5805288461538461 0.040865384615384616 0.028846153846153848
3 0.6153846153846154 0.6490384615384616 0.026442307692307692 0.039663461538461536
0 0.7475961538461539 0.6730769230769231 0.040865384615384616 0.037259615384615384
0 0.7836538461538461 0.703125 0.028846153846153848 0.030048076923076924
0 0.38221153846153844 0.765625 0.02403846153846154 0.027644230769230768
0 0.390625 0.8485576923076923 0.03245192307692308 0.03365384615384615
3 0.4579326923076923 0.8894230769230769 0.027644230769230768 0.03125