3 0.24879807692307693 0.9194711538461539 0.02283653846153846 0.028846153846153848
3 0.2608173076923077 0.9579326923076923 0.026442307692307692 0.03485576923076923
3 0.3088942307692308 0.15264423076923078 0.028846153846153848 0.04447115384615385
0 0.6778846153846154 0.15264423076923078 0.02283653846153846 0.037259615384615384
0 0.036057692307692304 0.6370192307692307 0.03125 0.040865384615384616
0 0.056490384615384616 0.6670673076923077 0.03125 0.036057692307692304
3 0.40024038461538464 0.7259615384615384 0.027644230769230768 0.02403846153846154
3 0.7391826923076923 0.7451923076923077 0.018028846153846152 0.03125
3 0.7848557692307693 0.7475961538461539 0.021634615384615384 0.028846153846153848
3 0.7512019230769231 0.7620192307692307 0.016826923076923076 0.028846153846153848
0 0.33052884615384615 0.7776442307692307 0.03485576923076923 0.039663461538461536
3 0.7680288461538461 0.7824519230769231 0.016826923076923076 0.03365384615384615
0 0.14543269230769232 0.8329326923076923 0.046875 0.038461538461538464
3 0.41466346153846156 0.8930288461538461 0.027644230769230768 0.03485576923076923
3 0.2704326923076923 0.9182692307692307 0.018028846153846152 0.028846153846153848