0 0.8713942307692307 0.9266826923076923 0.039663461538461536 0.05048076923076923
3 0.9819711538461539 0.17427884615384615 0.030048076923076924 0.03485576923076923
3 0.5012019230769231 0.27283653846153844 0.025240384615384616 0.030048076923076924
3 0.5492788461538461 0.28365384615384615 0.036057692307692304 0.042067307692307696
3 0.5444711538461539 0.31009615384615385 0.030048076923076924 0.042067307692307696
3 0.49038461538461536 0.3329326923076923 0.018028846153846152 0.038461538461538464
3 0.6814903846153846 0.41586538461538464 0.03125 0.03365384615384615
3 0.25240384615384615 0.6009615384615384 0.03125 0.054086538461538464
0 0.8581730769230769 0.7512019230769231 0.039663461538461536 0.026442307692307692
0 0.8040865384615384 0.8665865384615384 0.040865384615384616 0.042067307692307696
3 0.2403846153846154 0.9098557692307693 0.036057692307692304 0.038461538461538464