3 0.12860576923076922 0.10576923076923077 0.026442307692307692 0.025240384615384616
3 0.13701923076923078 0.12860576923076922 0.019230769230769232 0.02403846153846154
3 0.11057692307692307 0.15985576923076922 0.020432692307692308 0.039663461538461536
3 0.14182692307692307 0.15985576923076922 0.027644230769230768 0.03125
3 0.9086538461538461 0.17668269230769232 0.036057692307692304 0.040865384615384616
3 0.11538461538461539 0.18870192307692307 0.013221153846153846 0.025240384615384616
3 0.12620192307692307 0.20072115384615385 0.025240384615384616 0.038461538461538464
3 0.5564903846153846 0.23918269230769232 0.025240384615384616 0.025240384615384616
3 0.38341346153846156 0.3641826923076923 0.018028846153846152 0.027644230769230768
3 0.3942307692307692 0.39783653846153844 0.016826923076923076 0.027644230769230768
0 0.2668269230769231 0.078125 0.03245192307692308 0.042067307692307696